Adobe Systems	[('company', 0.515625), ('top silicon valley company', 0.1328125), ('corporation', 0.078125), ('client', 0.0546875), ('vendor', 0.046875), ('strategic partner', 0.0390625), ('technology leader', 0.0390625), ('employer', 0.03125), ('large vendor', 0.03125), ('application maker', 0.03125)]
Advanced Persistent Threat	[('term', 0.23809523809523808), ('multi faceted threat', 0.14285714285714285), ('unknown threat', 0.14285714285714285), ('modern trend', 0.09523809523809523), ('cybersecurity attack', 0.09523809523809523), ("today's sophisticated security threat", 0.09523809523809523), ('threat', 0.047619047619047616), ('pernicious attack', 0.047619047619047616), ('modern attack', 0.047619047619047616), ('eye catching term', 0.047619047619047616)]
Amazon EC2	[('service', 0.1986754966887417), ('cloud provider', 0.1291390728476821), ('cloud computing platform', 0.10264900662251655), ('cloud computing service', 0.09933774834437085), ('public infrastructure as a service cloud', 0.09933774834437085), ('public cloud', 0.09271523178807947), ('aws foundational service', 0.07947019867549669), ('cloud service', 0.0728476821192053), ('cloud environment', 0.06291390728476821), ('cloud platform', 0.06291390728476821)]
Amazons	[('company', 0.42432911047541205), ('site', 0.14207873586704808), ('retailer', 0.10025882032420651), ('online retailer', 0.09712573218907505), ('website', 0.09140444081187848), ('online store', 0.04045770331017572), ('cloud provider', 0.027789129546383327), ('firm', 0.026018253643917723), ('large company', 0.026018253643917723), ('organization', 0.024519820187985288)]
Antivirus	[('software', 0.2384937238493724), ('program', 0.16527196652719664), ('security software', 0.15481171548117154), ('essential technology', 0.1108786610878661), ('security application', 0.08577405857740586), ('application', 0.06694560669456066), ('security solution', 0.056485355648535567), ('technical security measure', 0.04184100418410042), ('security tool', 0.0397489539748954), ('traditional security technology', 0.0397489539748954)]
Atlanta	[('city', 0.6512493354598617), ('market', 0.07708665603402445), ('metropolitan area', 0.06220095693779904), ('place', 0.044657097288676235), ('southern city', 0.03827751196172249), ('area', 0.03721424774056353), ('large city', 0.028708133971291867), ('airport', 0.025518341307814992), ('team', 0.018607123870281767), ('location', 0.01648059542796385)]
Aurora	[('city', 0.1810344827586207), ('community', 0.13793103448275862), ('event', 0.11206896551724138), ('smaller scale domestic false flag', 0.09913793103448276), ('system', 0.08620689655172414), ('town', 0.08189655172413793), ('disney princess', 0.07758620689655173), ('zero day attack', 0.07758620689655173), ('project', 0.07327586206896551), ('beautiful princess', 0.07327586206896551)]
Beijing	[('city', 0.5290697674418605), ('large city', 0.11705426356589148), ('big city', 0.10542635658914729), ('first tier city', 0.047674418604651166), ('chinese city', 0.04302325581395349), ('megacity', 0.040697674418604654), ('place', 0.037596899224806204), ('area', 0.03372093023255814), ('province', 0.023255813953488372), ('region', 0.02248062015503876)]
Botnet	[('term', 0.2), ('threat', 0.14545454545454545), ('malicious service', 0.10909090909090909), ('internet scale attack', 0.10909090909090909), ('hacking concept', 0.09090909090909091), ('issue', 0.07272727272727272), ('cybercrime issue', 0.07272727272727272), ('coordinated attack', 0.07272727272727272), ('illegal technology', 0.07272727272727272), ('word', 0.05454545454545454)]
Browser	[('application', 0.41847826086956524), ('information', 0.12635869565217392), ('program', 0.09103260869565218), ('apps', 0.08967391304347826), ('client application', 0.06521739130434782), ('software', 0.051630434782608696), ('client', 0.04483695652173913), ('tool', 0.04076086956521739), ('client software', 0.03940217391304348), ('web user agent', 0.03260869565217391)]
CN	[('functional group', 0.16806722689075632), ('group', 0.13445378151260504), ('phase', 0.11764705882352941), ('molecular specie', 0.09243697478991597), ('unsaturated group', 0.09243697478991597), ('military teargas', 0.09243697478991597), ('method', 0.08403361344537816), ('anion', 0.08403361344537816), ('specie', 0.07563025210084033), ('ion', 0.058823529411764705)]
Chicago	[('city', 0.7016353514265832), ('large city', 0.07254697286012526), ('place', 0.043319415448851775), ('market', 0.04314544189283229), ('big city', 0.0337508698677801), ('metropolitan area', 0.031837160751565764), ('area', 0.027139874739039668), ('urban area', 0.018093249826026444), ('location', 0.015657620041753653), ('team', 0.012874043145441893)]
China	[('market', 0.2169060659295236), ('economy', 0.18616306706623953), ('nation', 0.1529399607316317), ('asian country', 0.12896558850883538), ('developing country', 0.06458613206572285), ('emerging economy', 0.06453446316007026), ('emerging market', 0.06381109848093418), ('place', 0.04908546036994937), ('state', 0.03668492301333058), ('large country', 0.03632324067376253)]
Chinas	[('market', 0.2169060659295236), ('economy', 0.18616306706623953), ('nation', 0.1529399607316317), ('asian country', 0.12896558850883538), ('developing country', 0.06458613206572285), ('emerging economy', 0.06453446316007026), ('emerging market', 0.06381109848093418), ('place', 0.04908546036994937), ('state', 0.03668492301333058), ('large country', 0.03632324067376253)]
Chongqing	[('city', 0.5223367697594502), ('large city', 0.11683848797250859), ('area', 0.061855670103092786), ('province', 0.061855670103092786), ('region', 0.048109965635738834), ('chinese city', 0.048109965635738834), ('second tier city', 0.048109965635738834), ('big chinese city', 0.037800687285223365), ('market', 0.027491408934707903), ('big city', 0.027491408934707903)]
Comcast	[('company', 0.31377343113284434), ('cable company', 0.21597392013039934), ('internet service provider', 0.10676446617766912), ('isps', 0.07416462917685411), ('cable provider', 0.06356968215158924), ('provider', 0.059494702526487364), ('cable operator', 0.05541972290138549), ('organization', 0.04156479217603912), ('client', 0.037489812550937245), ('service provider', 0.03178484107579462)]
Command Structure	[('constraint', 0.16), ('military institution', 0.16), ('information', 0.12), ('matter', 0.12), ('technical element', 0.12), ('element', 0.08), ('principle', 0.08), ('synchronized countermeasure', 0.08), ('portion', 0.04), ('issue', 0.04)]
Communication	[('skill', 0.278922542204568), ('topic', 0.14610228401191658), ('area', 0.13542701092353526), ('issue', 0.12028301886792453), ('factor', 0.07087884806355511), ('soft skill', 0.06976166832174777), ('industry', 0.056976166832174775), ('service', 0.041335650446871895), ('sector', 0.041211519364448855), ('transferable skill', 0.0391012909632572)]
Conficker	[('botnet', 0.6391752577319587), ('botnets', 0.09278350515463918), ('virus', 0.05154639175257732), ('largest known botnet', 0.05154639175257732), ('name', 0.030927835051546393), ('malware', 0.030927835051546393), ('network worm', 0.030927835051546393), ('headline generating malware', 0.030927835051546393), ('case', 0.020618556701030927), ('worm', 0.020618556701030927)]
Criminal Operators	[]
DLL	[('pe format', 0.37142857142857144), ('external library', 0.11428571428571428), ('file', 0.1), ('format', 0.07142857142857142), ('structure', 0.07142857142857142), ('subsidiary', 0.05714285714285714), ('file type', 0.05714285714285714), ('binary file', 0.05714285714285714), ('non code file', 0.05714285714285714), ('executable file', 0.04285714285714286)]
Dagon	[('name', 0.1875), ('idol', 0.125), ('philistine name', 0.125), ('canaanite deity', 0.125), ('false god', 0.09375), ('common demons', 0.09375), ('project', 0.0625), ('entity', 0.0625), ('ancient god', 0.0625), ('being', 0.0625)]
Data	[('service', 0.17543859649122806), ('word', 0.15789473684210525), ('bundle', 0.15789473684210525), ('concept', 0.10526315789473684), ('component', 0.09649122807017543), ('mature open source project', 0.08771929824561403), ('disruptive trend', 0.06140350877192982), ('character', 0.05263157894736842), ('generic name', 0.05263157894736842), ('impressive resource', 0.05263157894736842)]
David	[('person', 0.16511627906976745), ('name', 0.1325581395348837), ('man', 0.12558139534883722), ('king', 0.10697674418604651), ('artist', 0.1), ('figure', 0.07674418604651163), ('prophet', 0.07674418604651163), ('biblical figure', 0.07674418604651163), ('biblical character', 0.07441860465116279), ('individual', 0.06511627906976744)]
Dow Chemical	[('company', 0.5256673511293635), ('corporation', 0.1375770020533881), ('firm', 0.09650924024640657), ('large company', 0.06570841889117043), ('chemical company', 0.03696098562628337), ('organization', 0.03490759753593429), ('manufacturer', 0.030800821355236138), ('producer', 0.024640657084188913), ('basic research company', 0.024640657084188913), ('chemical producer', 0.022587268993839837)]
EXE	[('pe format', 0.22413793103448276), ('file type', 0.1810344827586207), ('extension', 0.09482758620689655), ('file', 0.08620689655172414), ('executable file', 0.07758620689655173), ('output format', 0.07758620689655173), ('executable attachment', 0.07758620689655173), ('format', 0.0603448275862069), ('file format', 0.0603448275862069), ('non identifiable file type', 0.0603448275862069)]
Electronic	[('industry', 0.35007974481658694), ('item', 0.2509968102073365), ('product', 0.09310207336523126), ('sector', 0.08373205741626795), ('field', 0.05921052631578947), ('area', 0.0430622009569378), ('application', 0.038875598086124404), ('category', 0.030303030303030304), ('valuable', 0.025917065390749602), ('goods', 0.024720893141945772)]
Engineering	[('field', 0.20401060656281073), ('discipline', 0.13838249917136228), ('profession', 0.12512429565793834), ('industry', 0.1141862777593636), ('area', 0.11203181968843222), ('sector', 0.076731852833941), ('service', 0.07490884985084521), ('subject', 0.05866755054690089), ('department', 0.05866755054690089), ('program', 0.03728869738150481)]
Evasion	[('task', 0.28), ('mean of active defense', 0.14), ('outcome', 0.1), ('factor', 0.09), ('technique', 0.08), ('conduct', 0.08), ('concept', 0.06), ('school', 0.06), ('survival cooldown', 0.06), ('behavior', 0.05)]
Evolution	[('topic', 0.42475728155339804), ('issue', 0.13470873786407767), ('concept', 0.10194174757281553), ('theory', 0.09344660194174757), ('scientific theory', 0.05825242718446602), ('subject', 0.044902912621359224), ('process', 0.0412621359223301), ('idea', 0.03762135922330097), ('area', 0.032766990291262135), ('aspect', 0.03033980582524272)]
Family	[('factor', 0.1890576323987539), ('topic', 0.1641355140186916), ('institution', 0.13064641744548286), ('group', 0.09618380062305296), ('social institution', 0.09306853582554517), ('issue', 0.09092679127725857), ('theme', 0.07340342679127726), ('person', 0.07301401869158879), ('area', 0.05471183800623053), ('word', 0.03485202492211838)]
Germany	[('european country', 0.356889102256361), ('nation', 0.13576572251560248), ('member state', 0.10129620739318292), ('developed country', 0.09755160825732118), ('market', 0.06903504560729717), ('state', 0.05636101776284205), ('place', 0.053480556889102256), ('jurisdiction', 0.04839174267882861), ('economy', 0.041094575132021124), ('eu country', 0.04013442150744119)]
Google	[('company', 0.3627419130273356), ('search engine', 0.25200723998700514), ('engine', 0.18754350953729057), ('third party', 0.05044785817051098), ('site', 0.03183737875342275), ('internet search engine', 0.02612892746089943), ('website', 0.02441175105583144), ('tech giant', 0.021952011881004315), ('organization', 0.021534320323014805), ('tech company', 0.02139508980368497)]
HangZhou	[('city', 0.6065573770491803), ('place', 0.11885245901639344), ('second tier city', 0.05737704918032787), ('chinese city', 0.04918032786885246), ('large city', 0.036885245901639344), ('emerging city market', 0.03278688524590164), ('second-tier city', 0.03278688524590164), ('big city', 0.02459016393442623), ('key city', 0.02459016393442623), ('metropolitan city', 0.01639344262295082)]
History	[('subject', 0.37395833333333334), ('discipline', 0.1501736111111111), ('topic', 0.12586805555555555), ('factor', 0.08489583333333334), ('field', 0.05538194444444444), ('area', 0.05017361111111111), ('course', 0.04513888888888889), ('information', 0.041493055555555554), ('issue', 0.03854166666666667), ('aspect', 0.034375)]
IP address	[('information', 0.5087055261165784), ('datum', 0.10825132475397427), ('non personal information', 0.07456472369417108), ('parameter', 0.06661619984859955), ('setting', 0.05299015897047691), ('network information', 0.050719152157456475), ('network setting', 0.047312641937925816), ('personal information', 0.03406510219530658), ('identifier', 0.031037093111279335), ('non personally identifiable information', 0.025738077214231644)]
IRC	[('tool', 0.17164179104477612), ('protocol', 0.13432835820895522), ('source', 0.11940298507462686), ('service', 0.1044776119402985), ('technology', 0.1044776119402985), ('program', 0.09701492537313433), ('organization', 0.08208955223880597), ('online communication', 0.06716417910447761), ('application', 0.05970149253731343), ('system', 0.05970149253731343)]
ISP	[('enterprise environment', 0.1574074074074074), ('vendor', 0.14814814814814814), ('service provider', 0.12037037037037036), ('third party', 0.1111111111111111), ('third party access charge', 0.10185185185185185), ('secondary publisher', 0.08333333333333333), ('information', 0.07407407407407407), ('alternate external dns server', 0.07407407407407407), ('network observer', 0.07407407407407407), ('system', 0.05555555555555555)]
Infection	[('complication', 0.45708858573648764), ('factor', 0.1402175790018995), ('condition', 0.10067345881540321), ('problem', 0.06682783629770334), ('cause', 0.05379036435848731), ('postoperative complication', 0.043084096011051634), ('serious complication', 0.04127093766188914), ('environmental factor', 0.03574512174063201), ('risk', 0.03134173717838024), ('side effect', 0.029960283198065964)]
Information	[('service', 0.2134048257372654), ('resource', 0.1544235924932976), ('sector', 0.11206434316353887), ('material', 0.11045576407506702), ('factor', 0.10509383378016086), ('activity', 0.06648793565683646), ('issue', 0.06595174262734585), ('area', 0.05951742627345844), ('concept', 0.05951742627345844), ('industry', 0.05308310991957105)]
Internet	[('technology', 0.32327272727272727), ('network', 0.15393939393939393), ('medium', 0.12303030303030303), ('resource', 0.08012121212121212), ('service', 0.07357575757575757), ('computer network', 0.06121212121212121), ('source', 0.050787878787878785), ('communication network', 0.04606060606060606), ('electronic medium', 0.045454545454545456), ('tool', 0.042545454545454546)]
Internet Explorer	[('web browser', 0.3656679357722231), ('browser', 0.3628538321469955), ('internet browser', 0.0913756000662142), ('popular web browser', 0.04552226452574077), ('application', 0.031617281906969046), ('popular browser', 0.027147823208078133), ('program', 0.02400264856811786), ('standard web browser', 0.01986426088395961), ('modern browser', 0.01986426088395961), ('modern web browser', 0.012084092037742095)]
Internet Service Provider	[('service provider', 0.19262295081967212), ('organization', 0.15163934426229508), ('third party', 0.14344262295081966), ('intermediary', 0.12295081967213115), ('company', 0.09016393442622951), ('information', 0.0778688524590164), ('ospf user', 0.06557377049180328), ('industry', 0.05327868852459016), ('autonomous system', 0.05327868852459016), ('customer', 0.04918032786885246)]
Internet explorer	[('web browser', 0.3656679357722231), ('browser', 0.3628538321469955), ('internet browser', 0.0913756000662142), ('popular web browser', 0.04552226452574077), ('application', 0.031617281906969046), ('popular browser', 0.027147823208078133), ('program', 0.02400264856811786), ('standard web browser', 0.01986426088395961), ('modern browser', 0.01986426088395961), ('modern web browser', 0.012084092037742095)]
Jiangsu	[('province', 0.4810606060606061), ('coastal province', 0.1553030303030303), ('region', 0.07954545454545454), ('eastern province', 0.07954545454545454), ('area', 0.04924242424242424), ('coastal region', 0.03409090909090909), ('economically advanced area', 0.03409090909090909), ('place', 0.030303030303030304), ('eastern coastal province', 0.030303030303030304), ('developed province', 0.026515151515151516)]
Juniper Networks	[('company', 0.21374045801526717), ('vendor', 0.20610687022900764), ('network equipment maker', 0.16030534351145037), ('network device vendor', 0.09923664122137404), ('manufacturer', 0.06870229007633588), ('competitor', 0.06870229007633588), ('sponsor', 0.05343511450381679), ('ipo', 0.05343511450381679), ('partner', 0.03816793893129771), ('equipment vendor', 0.03816793893129771)]
Knowledge	[('factor', 0.41495523959978936), ('resource', 0.11637704054765666), ('intangible asset', 0.08530805687203792), ('concept', 0.08056872037914692), ('issue', 0.06055818852027383), ('variable', 0.05950500263296472), ('term', 0.05318588730911006), ('attribute', 0.04634017904160084), ('characteristic', 0.04370721432332807), ('element', 0.03949447077409163)]
MX	[('record', 0.2682926829268293), ('alkali metal halide', 0.12195121951219512), ('dns record', 0.0975609756097561), ('single amine derivative', 0.0975609756097561), ('game', 0.07317073170731707), ('controller', 0.07317073170731707), ('cisco endpoint', 0.07317073170731707), ('dirt bike', 0.07317073170731707), ('dns record type', 0.07317073170731707), ('program', 0.04878048780487805)]
Major	[('activity', 0.13333333333333333), ('requirement', 0.13333333333333333), ('selecting item', 0.13333333333333333), ('event', 0.08888888888888889), ('scale', 0.08888888888888889), ('information', 0.08888888888888889), ('tournament', 0.08888888888888889), ('detailed college datum', 0.08888888888888889), ('timely public health measure', 0.08888888888888889), ('factor', 0.06666666666666667)]
Malware	[('threat', 0.3522388059701492), ('issue', 0.13432835820895522), ('reason', 0.08656716417910448), ('computer virus', 0.07761194029850746), ('malicious software', 0.06865671641791045), ('cyber threat', 0.06567164179104477), ('virus', 0.05970149253731343), ('malicious program', 0.056716417910447764), ('online threat', 0.05373134328358209), ('problem', 0.04477611940298507)]
Menu Bar	[('feature', 0.21739130434782608), ('window component', 0.15217391304347827), ('component', 0.11956521739130435), ('element', 0.08695652173913043), ('option', 0.07608695652173914), ('function', 0.07608695652173914), ('separate ui control', 0.07608695652173914), ('common element', 0.06521739130434782), ('user interface feature', 0.06521739130434782), ('rotation sensitive component', 0.06521739130434782)]
Microsoft	[('company', 0.6105356614382954), ('vendor', 0.08858636677518003), ('client', 0.048239124001183784), ('firm', 0.045476965571668145), ('large company', 0.043109401203511886), ('organization', 0.043010752688172046), ('corporation', 0.035908059583703265), ('brand', 0.03383644076156654), ('software company', 0.027522935779816515), ('technology company', 0.023774292196902438)]
Microsoft Word	[('program', 0.18976997578692495), ('application', 0.17282082324455206), ('software package', 0.16495157384987894), ('word processor', 0.1358958837772397), ('word processing program', 0.1271186440677966), ('word processing software', 0.052360774818401935), ('format', 0.050242130750605324), ('software', 0.04993946731234867), ('computer program', 0.0299636803874092), ('software program', 0.026937046004842615)]
Mountain View	[('city', 0.391304347826087), ('name', 0.13043478260869565), ('community', 0.08695652173913043), ('area', 0.07608695652173914), ('feature', 0.06521739130434782), ('company', 0.06521739130434782), ('panorama', 0.05434782608695652), ('school', 0.043478260869565216), ('perk', 0.043478260869565216), ('premium location', 0.043478260869565216)]
Network Analysis	[('method', 0.23737373737373738), ('technique', 0.18686868686868688), ('tool', 0.15656565656565657), ('application', 0.10606060606060606), ('topic', 0.07575757575757576), ('scenario', 0.05555555555555555), ('approach', 0.050505050505050504), ('consideration', 0.045454545454545456), ('employing new methodology', 0.045454545454545456), ('program activity', 0.04040404040404041)]
Northrop Grumman	[('company', 0.43646408839779005), ('defense contractor', 0.1574585635359116), ('corporation', 0.11049723756906077), ('firm', 0.049723756906077346), ('local company', 0.049723756906077346), ('client', 0.04419889502762431), ('industry leader', 0.04419889502762431), ('organization', 0.03867403314917127), ('industry giant', 0.03591160220994475), ('customer', 0.03314917127071823)]
Pop	[('genre', 0.3110720562390158), ('style', 0.19068541300527242), ('music', 0.1195079086115993), ('type of music', 0.0913884007029877), ('musical style', 0.058875219683655534), ('music genre', 0.05360281195079086), ('beverage', 0.04657293497363796), ('item', 0.043936731107205626), ('kind of music', 0.043936731107205626), ('drink', 0.040421792618629174)]
Rackspace	[('company', 0.3432343234323432), ('cloud provider', 0.16831683168316833), ('provider', 0.14521452145214522), ('vendor', 0.0924092409240924), ('organization', 0.066006600660066), ('cloud service provider', 0.0462046204620462), ('public cloud', 0.0462046204620462), ('cloud platform', 0.039603960396039604), ('service', 0.026402640264026403), ('player', 0.026402640264026403)]
Rand Corporation	[('organization', 0.25), ('tank', 0.17307692307692307), ('entity', 0.11538461538461539), ('institution', 0.09615384615384616), ('think tank', 0.07692307692307693), ('place', 0.057692307692307696), ('non profit organization', 0.057692307692307696), ('notable exception', 0.057692307692307696), ('research organization', 0.057692307692307696), ('research group', 0.057692307692307696)]
Report	[('document', 0.41899881750098544), ('information', 0.09735908553409539), ('material', 0.09184075679936933), ('administrative duty', 0.08356326369728025), ('documentation', 0.07962160031533307), ('source', 0.061884115096570755), ('item', 0.04414662987780844), ('task', 0.04178163184864012), ('publication', 0.04099329917225069), ('evidence', 0.03981080015766653)]
Research	[('activity', 0.2733574442435202), ('area', 0.16998191681735986), ('service', 0.10729355033152502), ('skill', 0.09915611814345991), ('financial aspect of product development', 0.07564798071127185), ('topic', 0.06811332127787824), ('factor', 0.05877034358047016), ('issue', 0.056962025316455694), ('cost', 0.046413502109704644), ('department', 0.04430379746835443)]
SMTP	[('service', 0.2328767123287671), ('protocol', 0.2054794520547945), ('internet application protocol', 0.0821917808219178), ("internet's main application protocol", 0.0821917808219178), ('internets main application protocol', 0.0821917808219178), ('interface', 0.0684931506849315), ('internet s main application protocol', 0.0684931506849315), ('standard web protocol', 0.0684931506849315), ('internet service', 0.0547945205479452), ('well known service name', 0.0547945205479452)]
SOA	[('technology', 0.5445544554455446), ('novel technology', 0.07920792079207921), ('service oriented architecture', 0.06930693069306931), ('concept', 0.06435643564356436), ('installation type', 0.054455445544554455), ('architecture', 0.039603960396039604), ('system level performance curve', 0.039603960396039604), ('oracle fusion middleware component', 0.039603960396039604), ('infrastructure', 0.034653465346534656), ('emerging technology', 0.034653465346534656)]
San Jose	[('city', 0.5954356846473029), ('california city', 0.07883817427385892), ('area', 0.058091286307053944), ('market', 0.04771784232365145), ('place', 0.04564315352697095), ('team', 0.03941908713692946), ('high tech market', 0.03941908713692946), ('community', 0.03734439834024896), ('application server', 0.03112033195020747), ('large city', 0.026970954356846474)]
Scareware	[('software', 0.2727272727272727), ('technique', 0.13636363636363635), ('mass malware', 0.13636363636363635), ('case', 0.09090909090909091), ('tried and true method', 0.09090909090909091), ('tried-and-true method', 0.09090909090909091), ('virus', 0.045454545454545456), ('malware', 0.045454545454545456), ('spyware program', 0.045454545454545456), ('sub-classes', 0.045454545454545456)]
Service Providers	[('stakeholder', 0.2283464566929134), ('third party', 0.16272965879265092), ('business', 0.12860892388451445), ('entity', 0.10498687664041995), ('person', 0.09711286089238845), ('party', 0.08661417322834646), ('organization', 0.06299212598425197), ('user', 0.047244094488188976), ('company', 0.04199475065616798), ('term', 0.03937007874015748)]
Software	[('industry', 0.20054517133956387), ('item', 0.169392523364486), ('product', 0.14291277258566978), ('intangible asset', 0.08294392523364486), ('area', 0.08255451713395638), ('resource', 0.08177570093457943), ('sector', 0.0704828660436137), ('material', 0.06386292834890965), ('digital product', 0.054906542056074766), ('technology', 0.050623052959501556)]
Symantec	[('company', 0.5074135090609555), ('vendor', 0.14827018121911037), ('anti virus firm', 0.07084019769357495), ('global brand', 0.05271828665568369), ('security company', 0.04942339373970346), ('security vendor', 0.044481054365733116), ('client', 0.039538714991762765), ('security firm', 0.03130148270181219), ('product', 0.02800658978583196), ('organization', 0.02800658978583196)]
Taiwan	[]
Toolbar	[('feature', 0.14691943127962084), ('element', 0.13270142180094788), ('control', 0.12322274881516587), ('add on', 0.11848341232227488), ('internet explorer add on', 0.0947867298578199), ('user interface element', 0.08530805687203792), ('manages customized user interface element', 0.08530805687203792), ('personalized setting', 0.07582938388625593), ('item', 0.07109004739336493), ('component', 0.06635071090047394)]
Trojan	[]
USA	[('developed country', 0.4201923076923077), ('nation', 0.13493589743589743), ('market', 0.09775641025641026), ('western country', 0.08269230769230769), ('jurisdiction', 0.05576923076923077), ('economy', 0.05416666666666667), ('place', 0.04935897435897436), ('part of the world', 0.04006410256410257), ('state', 0.03333333333333333), ('area', 0.03173076923076923)]
UTC	[('issue', 0.23404255319148937), ('term', 0.13829787234042554), ('player', 0.1276595744680851), ('standard', 0.10638297872340426), ('attraction', 0.09574468085106383), ('high tech company', 0.06382978723404255), ('silly mod', 0.06382978723404255), ('method of date', 0.06382978723404255), ('central county submarket', 0.05319148936170213), ('time system', 0.05319148936170213)]
United Kingdom	[]
United States	[('developed country', 0.3369993053947673), ('nation', 0.18488075943505441), ('jurisdiction', 0.10326464459365593), ('western country', 0.07397545728177819), ('economy', 0.0595045149340125), ('case', 0.05915721231766612), ('place', 0.0540634406112526), ('market', 0.048969668904839087), ('state', 0.039939800879833294), ('high income country', 0.03924519564714054)]
Vector	[('topic', 0.29809725158562367), ('concept', 0.11627906976744186), ('biological material', 0.11416490486257928), ('object', 0.08879492600422834), ('container', 0.07399577167019028), ('datum structure', 0.06765327695560254), ('mathematical tool', 0.0613107822410148), ('account factor', 0.0613107822410148), ('collection class', 0.0613107822410148), ('factor', 0.05708245243128964)]
Vice President	[('position', 0.38308457711442784), ('title', 0.14676616915422885), ('role', 0.14676616915422885), ('officer', 0.07213930348258707), ('office', 0.06716417910447761), ('job title', 0.04477611940298507), ('capitalize formal title', 0.04228855721393035), ('senior executive position', 0.03482587064676617), ('corporate officer', 0.03233830845771144), ('key position', 0.029850746268656716)]
Washington	[('state', 0.6453130655085052), ('city', 0.19779225479551213), ('place', 0.038002171552660155), ('area', 0.0329352153456388), ('jurisdiction', 0.01863916033297141), ('market', 0.01773434672457474), ('western state', 0.015019905899384726), ('large city', 0.013029315960912053), ('big city', 0.010857763300760043), ('location', 0.010676800579080709)]
Washington Post	[('publication', 0.3247787610619469), ('newspaper', 0.28230088495575223), ('medium outlet', 0.1079646017699115), ('medium', 0.049557522123893805), ('outlet', 0.046902654867256637), ('source', 0.04336283185840708), ('news outlet', 0.04070796460176991), ('paper', 0.036283185840707964), ('news organization', 0.036283185840707964), ('news source', 0.03185840707964602)]
Windows	[('operating system', 0.18942817842405188), ('system', 0.14521516997445472), ('item', 0.12301041461976812), ('feature', 0.12104539202200826), ('platform', 0.11377480841029672), ('opening', 0.09451758695224995), ('element', 0.056592650815484376), ('component', 0.056003144036156416), ('building component', 0.05246610336018864), ('product', 0.04794655138534093)]
Windows Explorer	[('file manager', 0.2862453531598513), ('program', 0.25650557620817843), ('application', 0.1412639405204461), ('computer s file manager', 0.08921933085501858), ('file browsing application', 0.04460966542750929), ('web browser', 0.040892193308550186), ('network browser', 0.040892193308550186), ('commercial product', 0.03717472118959108), ('tool', 0.03345724907063197), ('browser', 0.02973977695167286)]
Yahoo	[('search engine', 0.3870601589103292), ('engine', 0.2043132803632236), ('company', 0.1644235446732609), ('site', 0.06453705205124047), ('website', 0.039727582292849034), ('service', 0.03453867358521161), ('internet company', 0.03064699205448354), ('internet search engine', 0.026917463920869144), ('popular search engine', 0.024971623155505107), ('provider', 0.022863628993027404)]
Zero Day	[('novel', 0.35294117647058826), ('threat', 0.17647058823529413), ('vulnerability', 0.058823529411764705), ('exploit', 0.058823529411764705), ('local brewery', 0.058823529411764705), ('technical phrase', 0.058823529411764705), ('low flow parameter', 0.058823529411764705), ('movie', 0.058823529411764705), ('low-flow parameter', 0.058823529411764705), ('cyber attack', 0.058823529411764705)]
a level	[('service', 0.1875), ('preference', 0.125), ('academic option', 0.125), ('academic and vocational qualification', 0.125), ('qualification', 0.125), ('skill', 0.0625), ('offer', 0.0625), ('fun activity', 0.0625), ('examination material', 0.0625), ('fantastic service', 0.0625)]
amateur	[]
anti	[('prefix', 0.5), ('term', 0.1), ('good performance', 0.1), ('watching capuchin mother', 0.06666666666666667), ('person', 0.06666666666666667), ('food', 0.03333333333333333), ('program', 0.03333333333333333), ('third party apps', 0.03333333333333333), ('anti monopoly game', 0.03333333333333333), ('greek and latin prefix', 0.03333333333333333)]
antivirus	[('software', 0.2384937238493724), ('program', 0.16527196652719664), ('security software', 0.15481171548117154), ('essential technology', 0.1108786610878661), ('security application', 0.08577405857740586), ('application', 0.06694560669456066), ('security solution', 0.056485355648535567), ('technical security measure', 0.04184100418410042), ('security tool', 0.0397489539748954), ('traditional security technology', 0.0397489539748954)]
area	[('parameter', 0.19212218649517684), ('feature', 0.18890675241157556), ('information', 0.13987138263665594), ('factor', 0.13745980707395497), ('measurement', 0.07154340836012862), ('topic', 0.06832797427652733), ('characteristic', 0.06270096463022508), ('variable', 0.04983922829581994), ('property', 0.04501607717041801), ('quantity', 0.04421221864951769)]
ath	[('stage drama', 0.5238095238095238), ('event', 0.23809523809523808), ('place', 0.14285714285714285), ('route', 0.047619047619047616), ('successful play', 0.047619047619047616)]
aurora	[('city', 0.1810344827586207), ('community', 0.13793103448275862), ('event', 0.11206896551724138), ('smaller scale domestic false flag', 0.09913793103448276), ('system', 0.08620689655172414), ('town', 0.08189655172413793), ('disney princess', 0.07758620689655173), ('zero day attack', 0.07758620689655173), ('project', 0.07327586206896551), ('beautiful princess', 0.07327586206896551)]
author	[('information', 0.41414885777450255), ('field', 0.12453942520265292), ('metadata', 0.07737656595431099), ('property', 0.07663964627855564), ('element', 0.07148120854826824), ('basic information', 0.056742815033161385), ('person', 0.051584377302873984), ('attribute', 0.047899778924097275), ('datum', 0.04200442151805453), ('document property', 0.03758290346352248)]
average	[('statistic', 0.24293059125964012), ('descriptive statistic', 0.17994858611825193), ('function', 0.10668380462724936), ('calculation', 0.09640102827763496), ('aggregate function', 0.08868894601542417), ('parameter', 0.06940874035989718), ('statistical measure', 0.060411311053984576), ('aggregation function', 0.055269922879177376), ('statistical function', 0.05269922879177378), ('conflict reducing technique', 0.04755784061696658)]
bank	[('financial institution', 0.2910615184791593), ('institution', 0.14452709883103082), ('organization', 0.10296375014759712), ('business', 0.09694178769630417), ('lender', 0.09481638918408312), ('amenity', 0.08619671744007557), ('company', 0.05809422600070847), ('financial intermediary', 0.044042980281024914), ('service', 0.04238989254929744), ('entity', 0.03896563939071909)]
basic	[('language', 0.5589941972920697), ('programming language', 0.18568665377176016), ('high level language', 0.08704061895551257), ('system', 0.04061895551257253), ('property', 0.029013539651837523), ('line oriented language', 0.02321083172147002), ('computer language', 0.02127659574468085), ('hlls', 0.019342359767891684), ('openvms language', 0.017408123791102514), ('level language', 0.017408123791102514)]
batch file	[('text file', 0.2549019607843137), ('script', 0.13725490196078433), ('file', 0.09803921568627451), ('external application', 0.09803921568627451), ('external executable', 0.09803921568627451), ('executable file', 0.0784313725490196), ('plain ascii text file', 0.0784313725490196), ('distribution method', 0.058823529411764705), ('script based application', 0.058823529411764705), ('event', 0.0392156862745098)]
binary	[('system', 0.18652849740932642), ('supervised learning task', 0.11917098445595854), ('computer number system', 0.10880829015544041), ('file', 0.09326424870466321), ('datum type', 0.09326424870466321), ('musical form', 0.08808290155440414), ('folder', 0.08290155440414508), ('scheme', 0.08290155440414508), ('format', 0.07253886010362694), ('base', 0.07253886010362694)]
blue zone	[('infraction', 0.25), ('property syndication', 0.25), ('company', 0.25), ('statewide effort', 0.25)]
botnet	[('term', 0.2), ('threat', 0.14545454545454545), ('malicious service', 0.10909090909090909), ('internet scale attack', 0.10909090909090909), ('hacking concept', 0.09090909090909091), ('issue', 0.07272727272727272), ('cybercrime issue', 0.07272727272727272), ('coordinated attack', 0.07272727272727272), ('illegal technology', 0.07272727272727272), ('word', 0.05454545454545454)]
business	[('field', 0.18112049117421336), ('area', 0.17293425428498338), ('topic', 0.1281657712970069), ('organization', 0.12611921207469942), ('subject', 0.08749040675364543), ('discipline', 0.07802507035047326), ('sector', 0.06318751598874392), ('institution', 0.06114095676643643), ('course', 0.05116398055768739), ('group', 0.05065234075211052)]
china	[('market', 0.2169060659295236), ('economy', 0.18616306706623953), ('nation', 0.1529399607316317), ('asian country', 0.12896558850883538), ('developing country', 0.06458613206572285), ('emerging economy', 0.06453446316007026), ('emerging market', 0.06381109848093418), ('place', 0.04908546036994937), ('state', 0.03668492301333058), ('large country', 0.03632324067376253)]
chinese	[]
cloud	[('technology', 0.42999289267945984), ('trend', 0.1279317697228145), ('factor', 0.10589907604832978), ('disruptive technology', 0.058990760483297794), ('digital technology', 0.05614783226723525), ('technology trend', 0.04904051172707889), ('topic', 0.04477611940298507), ('weather condition', 0.0433546552949538), ('inclusion', 0.0433546552949538), ('emerging technology', 0.04051172707889126)]
cn	[('functional group', 0.16806722689075632), ('group', 0.13445378151260504), ('phase', 0.11764705882352941), ('molecular specie', 0.09243697478991597), ('unsaturated group', 0.09243697478991597), ('military teargas', 0.09243697478991597), ('method', 0.08403361344537816), ('anion', 0.08403361344537816), ('specie', 0.07563025210084033), ('ion', 0.058823529411764705)]
collocation	[('method', 0.2702702702702703), ('service', 0.0945945945945946), ('action', 0.0945945945945946), ('lexical area', 0.0945945945945946), ('technique', 0.08108108108108109), ('circumstance', 0.08108108108108109), ('advanced surface modelling technique', 0.08108108108108109), ('concept', 0.06756756756756757), ('lexically driven pattern', 0.06756756756756757), ('formulaic sequence', 0.06756756756756757)]
colo	[('city', 0.3258426966292135), ('community', 0.15730337078651685), ('company', 0.11235955056179775), ('place', 0.0898876404494382), ('secret file', 0.06741573033707865), ('incident', 0.056179775280898875), ('horrific event', 0.056179775280898875), ('district', 0.0449438202247191), ('town', 0.0449438202247191), ('tragedy', 0.0449438202247191)]
communication	[('skill', 0.278922542204568), ('topic', 0.14610228401191658), ('area', 0.13542701092353526), ('issue', 0.12028301886792453), ('factor', 0.07087884806355511), ('soft skill', 0.06976166832174777), ('industry', 0.056976166832174775), ('service', 0.041335650446871895), ('sector', 0.041211519364448855), ('transferable skill', 0.0391012909632572)]
company	[('organization', 0.2867540029112082), ('entity', 0.2197962154294032), ('information', 0.12663755458515283), ('legal entity', 0.06550218340611354), ('word', 0.06186317321688501), ('legal person', 0.05967976710334789), ('institution', 0.05895196506550218), ('term', 0.048034934497816595), ('group', 0.042212518195050945), ('stakeholder', 0.03056768558951965)]
compiler	[('tool', 0.25226860254083483), ('development tool', 0.1724137931034483), ('application', 0.1161524500907441), ('software tool', 0.1161524500907441), ('program', 0.08711433756805807), ('system software', 0.07441016333938294), ('application program', 0.05263157894736842), ('information', 0.045372050816696916), ('software', 0.045372050816696916), ('software development tool', 0.038112522686025406)]
computer	[('item', 0.15491056361795477), ('electronic device', 0.15136685791427607), ('device', 0.14495443806952413), ('equipment', 0.14276071549105637), ('office equipment', 0.09441444481943975), ('technology', 0.08614579817752278), ('electronic', 0.07804589942625717), ('product', 0.05484306446169423), ('electronic equipment', 0.04893688828889639), ('industry', 0.04362132973337833)]
conficker	[('botnet', 0.6391752577319587), ('botnets', 0.09278350515463918), ('virus', 0.05154639175257732), ('largest known botnet', 0.05154639175257732), ('name', 0.030927835051546393), ('malware', 0.030927835051546393), ('network worm', 0.030927835051546393), ('headline generating malware', 0.030927835051546393), ('case', 0.020618556701030927), ('worm', 0.020618556701030927)]
construction	[('industry', 0.42512765704785654), ('sector', 0.2718204488778055), ('activity', 0.07576297351858449), ('area', 0.05106281914261964), ('service', 0.040375252345327156), ('field', 0.037881486759292246), ('factor', 0.03040019000118751), ('occupation', 0.024225151407196294), ('job', 0.022325139532122076), ('human activity', 0.02101888136800855)]
